Checkers mapped
a1  0.41667  0.12963  0.37037  0.08333
a3  0.35156  0.1875  0.3125  0.14844
a5  0.32609  0.21014  0.28986  0.17391
a7  0.28481  0.24684  0.25316  0.21519
b2  0.37037  0.17593  0.32407  0.12963
b4  0.3125  0.22656  0.27344  0.1875
b6  0.27027  0.26351  0.23649  0.22973
b8  0.2381  0.29167  0.20833  0.2619
c1  0.39773  0.15909  0.34091  0.10227
c3  0.32407  0.22222  0.27778  0.17593
c5  0.29661  0.24576  0.25424  0.20339
c7  0.25362  0.28261  0.21739  0.24638
d2  0.34091  0.21591  0.28409  0.15909
d4  0.27778  0.26852  0.23148  0.22222
d6  0.23438  0.30469  0.19531  0.26562
d8  0.2027  0.33108  0.16892  0.2973
e1  0.36765  0.20588  0.29412  0.13235
e3  0.28409  0.27273  0.22727  0.21591
e5  0.23148  0.31481  0.18519  0.26852
e7  0.19531  0.34375  0.15625  0.30469
f2  0.29412  0.27941  0.22059  0.20588
f4  0.22727  0.32955  0.17045  0.27273
f6  0.18519  0.36111  0.13889  0.31481
f8  0.15625  0.38281  0.11719  0.34375
g1  0.3125  0.29167  0.20833  0.1875
g3  0.22059  0.35294  0.14706  0.27941
g5  0.17045  0.38636  0.11364  0.32955
g7  0.13889  0.40741  0.09259  0.36111
h2  0.20408  0.38776  0.30612  0.10204
h4  0.14493  0.42029  0.21739  0.21739
h6  0.11236  0.4382  0.16854  0.2809
h8  0.09174  0.44954  0.13761  0.3211