Checkers mapped
a1  0.41667  0.12963  0.37037  0.08333
a3  0.3511  0.18809  0.31191  0.1489
a5  0.32507  0.21137  0.28863  0.17493
a7  0.28316  0.24872  0.25128  0.21684
b2  0.36969  0.17652  0.32348  0.13031
b4  0.31142  0.2277  0.2723  0.18858
b6  0.26866  0.26526  0.23474  0.23134
b8  0.23593  0.29401  0.20599  0.26407
c1  0.39593  0.16063  0.33937  0.10407
c3  0.32222  0.22407  0.27593  0.17778
c5  0.29422  0.2483  0.2517  0.20578
c7  0.25073  0.28571  0.21429  0.24927
d2  0.3386  0.21783  0.28217  0.1614
d4  0.27542  0.27079  0.22921  0.22458
d6  0.23161  0.30751  0.19249  0.26839
d8  0.19946  0.33446  0.16554  0.30054
e1  0.36337  0.2093  0.2907  0.13663
e3  0.28054  0.27602  0.22398  0.21946
e5  0.22778  0.31852  0.18148  0.27222
e7  0.19902  0.36215  0.11746  0.32137
f2  0.28986  0.28261  0.21739  0.21014
f4  0.22348  0.33296  0.16704  0.27652
f6  0.18115  0.36506  0.13494  0.31885
f8  0.1518  0.38732  0.11268  0.3482
g1  0.30488  0.29675  0.20325  0.19512
g3  0.21512  0.35756  0.14244  0.28488
g5  0.16516  0.3914  0.1086  0.33484
g7  0.13333  0.41296  0.08704  0.36667
h2  0.20243  0.39879  0.10121  0.29757
h4  0.14203  0.43043  0.06957  0.35797
h6  0.10835  0.44808  0.05192  0.39165
h8  0.08688  0.45933  0.04067  0.41312